Unterredungen und 11111111111111111111111111111 111. 13

1111111111111118111111 111 111 111111111(1111111111111111 χ

11111111, wer 1111 111111111111111, dass 111111111111111
1111111 111 1111111 1111 111111116111111111111111111, bei
1111111 111 Wirkung 1111111111 iet? Man 1111111 1111 111
111111 111 1111111111, da 11111111 17111111, 111 1111 1111111
Α11111111111111111 1111111111 beweisen sehien, bei 111111111
Β1111111111111 111611111111111111. Α111 11111111 Berufung
111 11111 11111 11111111 (111 1111 1111 1111111111 111) 11111111
mir, kann 111 11111 111111111111111111111 111111111111111111
11111111. Denken 111111 einen sehweren Stein in der Lult in
Ruhelag03 111 11111 ihm 111 111111 11111111111 111 11 Frei-
1111; 11111111111111111111111, 11111 1111111, und nieht mit
11111111111111Β1111111,11111111 1111111111 1111111, daun
111111111111111111; 111 11 (1111111111111111 1111 (111111 111-
11111 111 1111111111 1111111111, 111 sollte 1111111111-
nahme bringen‚ 1111 11111 111 Κ11111, 111 111111111111 1111111
111111111111111111 (deun 11111 11111111 1111111111), 1111
11111111 1111111111111(111111111111111111111 1111111, 111
1111, 11111111 11111 111 111111111111111111, 111111111111,
111111111111111, 1111111111 111111111111 111 1111111111
111111 einen der 111111111111111 1111111111 111111 1111111111
(11111111111111111111111 Merkel auf, 111 bitte. 11111111111111,
11111111111111111111111 111111 1111111111, 1111 111 1111111111
111 (1111111111111111 111 1111111118111111 1111111111 111
1111111111111111110111111111 1111 11111 kenne, wie 111
Verminderung und der 1111111111111(1111111111111111111111,
1111 11111 11111 111111111111 111111 in die Η111 111111111111
111111 1111 111 11 1111111111 Η111 1111 1111 11111111, 11
111111111111111111111111111, 1111 bei 111111111111111 der
111111111111111 111 11111111111118111111, 11111111111111111
111111111111111111, 1111111111111111111 zur Rullo kommen
111111, 111 1111111111 (111111111111111111111111111111111.

simpl. Aber 1111 111 (11111 11111 1111111111 111 1111111111
1111111111 111111111 en Zahl 1111, 1111 111111 111 1111111
11111111 1111111111 seim daher 11111 ein aufsteigender 11111111
Ke'rper 1111111 111 Ruhe gelangen 1111111, 1111111 1111 11111-
1111 11111 1111 1111111 111111, 1111111111111111111111-
1111, 111 1111 111111111 111 111111111111111111111.

Salv. Ee 11111 11111111, Η111 Simplicio, 1111 111 11111111
111111 Zeit 11111111 1111 111111(1111111111111111111111-

1 111111 11111; 1111111 11 111111111111111111 111111 111111
¹ 111111, 1111 1111 111 11111 1111111111 111 1111111111 111

 

