28 (1611166 (1611161.

166 Η6616661, 616 16 AD, AE, AFeto.; 6161666 6161166
Κ16666 1166616686616661166 BA den Maximalimpuls 16166
161166 66161166, 616666661666666166661161, 6661 66616666·
16666 EA, 6. 6. f. 666166616666 11666 FA, um 661116661161 ³

ganz zu 666116616611666 61666 Ηο6166616166ΟΑ, in 6616166 ³

166 1116666 666611 161 Β6666666 616 16 16611616 sich indiffe-
rent 6661611 661 666 6161 666 16166 ’1661666 666 Β6666666
6661 166661 einer Seite hat, wie er 6661 161666 1116661661
61666 Β6666666 6616666666161; 1666 16 66 6666161161 161, 1666
616 1116666 6161666 6611616661 6166166661 661 6161 vom 611-

. 66661666 86166666611 1666166 commune) 66116661, 6661 661-

chem 6116 66166666 1116666 1166166166, 661616666616666161161,
1666 66 666 661161 6161 166666, 6666 1616616166 Β6666666
6616 616666616166666611 6161 61611 1666 61166661666 861666-
6661166161 16166 661 166 Η66166616166, 1161166 6166 111616
16166161, 116 1166611 616161 6611 vom 6116666166616166666611
6161611 661 1661611 116166611161 166166616611616611616666161,
166 1116666 161666 Impuls 6616161.

Ι6 Η1661611661 1166616616666666 166 16166166 6111161 1166·
166 66111666, 666 16 61666 alten Α1166116661166Μ6616611,
116 6666611616661166 66166 16 Ρ6166 666 zum (16166661 fiir
66166 1611166 616616661161, 66611161161661 6611611161 16616666
161. Dort 6666161 66 161 1166166666 16616666666166666661 ,

166 116166 166 66616616666 161666166166166666166, 66611161, ff

in 66161666 16616116166 166 11661661 166 16666166 66116616 1
1666166, 1616666611616666 1161666666 1661116666, 616 6.Β. 666 ’
AF, wobei das 6166 Ε616 um F G 6616161 worden.¹ 111666 166
161616666 6666 116 Τ661666 zum Falle im Maximum, man sucht
666, 16 6616166 116611116166 11666 Τ661666 6161166 1661661666
11666 16611666 FA. 161 16166616, 11666166166666 6166166
im 6666161166116611116166 66 166 666616166116666, 661 166
1611661616, 166161 1666 661166 6616661666166 11666666 666-
666161166 6111. 1161611166, 1666 1161661666 61666 11166666 zum
161166 66666161, 616 1661116661661 6166616 116 666166616
116611, 116 116661611, 1661611 66 6661161666 661 166 Κ16666 16
11616 66 66161166. 111666 116611, 116666 11111666166166 6166666,
1611666161 mich 166 1166161166 61666 anderen 11166666. Auf
der 111666 FA ruht 166 1116661 G mit 6166616166 66666166,
1661116616Ἶ 66661166666 616 (1661611 Η 16666. 1616616666 616 ,
166666, 1666 116 6661666116 16116166616 166161616666 61616 616161
661 166666666166116666666 166 6616666 Κ16666 G 16666166
’ 1166616166 AF, 616116166 616161 166 1661666 666 G 16 6661-

 

