111111111111111111111111111111111111611111111111 111. 15

Saqr. 1111111111, 1111111 im 11111111, 111 111 16111111
11111111 111111161111111 1111111111111, 1111 111111, 111 111
1161111. Denn 1111 mir, 61116111111111116111111 Κ11111
1111 viel, 1111111111111111111111111 sein kann, 11 1111 11
100 111111 111111111111111, 61111111 21, 4 611111111

simpl. 111111111111.

Saqr. Es 11111 1111111 111111111111 111111 auch so 111111
111 1111111111 111 11111111 1111111111 konnen, dass der Κ11-
per nur 111111111111111111111111 und 6111111 kann 111 mit-
11111111 ,1111161 111 11 11111 1111, 11111111111111111 111 1111
1111111111111181111111, 16 1111 111Κ11111 111 11111 mehr
111111111, 1111111111111111111111 111111. Wenn Ihr also einen
Stein 111111, was 1111111 1111111, 111111 16111111 111111
11111111111, 111 111 8611111111111111111111111 Und 11111-
11111111111111 1111111111 11111111 Α11111111111111 11 11111, 111
111 111 Κ1111111 111Η1111111111 11111111 1111111111111 11
dieser 111111 1111111 111111 11111111111111 aber, 111 111 81111 -
11111111 1111111, 1111111111 61 111, 11111111Η111 11111111
1111111, 611111111161, 1111111 11111, 11 (lem 11 1111111111 1111
11111 1111111 1111116111. Also 1111111 111111, Η111 Simplicio,
dass 111 Frage, 111111 111111 111111111 11111111 1111 11111
111111111, 11111111 111 111111116111111, 1111111111 111111-
1111111111111, 1111 111 111111111111111111, 1611111 111Α1-
11111 111111 81111111 11111111 1111111, 11 1111Β111111,1111 11
zum Η11111111-1111 11111111 1111111111.

Salv. Ε1 1611111 mir 11111 1111111, 1111111 11111116111,
welches 111 11111611 111Β1111111111111 111 1111111111 Β1-
111111111111611111161 1111111111111 Philosophen 11111111-
1111 11111111 1611111111 worden sind: 111111 111111 111 111
111111111111111 111 011111111111111, andere darauf, dass
1111111 1111111111111 des Κ111111 11111111111 11111 1111111;
wieder 111111 1111111 11111111 1111111111111 1111111111
11111111, 1116111 111111 1111 1111111111 Κ11111 1161 wieder
111111111111111 1111111 11111111 111 161 Stella zu 811111 111-
jagt3 11111111116111111111111111161 111111 1111111 1111111
111111111111 11111 111111 (1111111 haben. 1111111111111111
11111111111161111111, 111 111111111111111, wie 11111 111111

. Ε111111111111 111 11161111111111Β1111111 1111111111 111 11-
1111111111111116111611111 111 [1111611 111 111111111), 11 1111

111 11111111 111111 (111611111111111 vom Anfangszustande 111
111111111111 1111161111 111111 11111111111 (1111111 1111111,

N 111 Ρ11111111111111111111111111, 1. h. 11, 11111111111111111111

 

