Unterredungen und 1611616116616Β616666116116666 616. 57

1666666 166 Ρ616116166 166 Ρ6161161661661166, 161616, 666611161
66 zahl, das Doppelte 1161166611 jener Ρ616116166 166 1116166116.
16166616166 16661166, 1666 161(1666111611611611616111, 166
1611111661 66116161, 16 ihm selbst 666616111161 6611111166 161
(impresso), 11116111 1666616 111666166 161 Β6661166616666 6161
16161661666116661161116166, was man 661 6611611666161611 1116666
1661611111666 161 616161666166 6161611 6166Β6661166616666 1611,
16166161616661661611661666. Η161666 16161, 1666 116 Β6-
16666616 161Η61166616166 6166 6666111111616 sei: 1666 1666
616 616161616616161116111, 1111 616 61611 6666111611 6161 661-
6616166,66661161661666 161616111. 11111 161661, 16 116 16116

1 1161661611 61166616 11666111611611611 666616111161 66166661-

1111161116161666161, 66 6116111, 16661666 6661 16161611 11666

’ 61661 6666161661111666 6166Α11166116666661 61661 666161666166

111666 61611161, 16 dieser 161616166 11611166616 61661 1161616616116
66111111, 166616 6166 6616161661111666 findet 6661 6611111616
Β66611661116666 61611; 16616111 tritt 616616161616666 66166666-
66661616116166166 616, 161661 16116116 Fallen 61166616 (16-
6611161161611616111, 161166 Κ11661 666611111161 16111616666
11116, 616166 1661 16161 1661611 616666166 116666666111. 116
661616116161 161611611161, 1666 111 116 666661116166166111-
666166 66161666166, 661 66611661 161Κ1166111666 161 666616-
1661111666 66161166161, 666166666 1111, 66666161666, 666611666,
1666 61116 1611111611 61166616 Μ611616166661111111611611 6661
16116 16611661616116, 1666 61 aber 1161161 161661111161661761-
61661666 6616111666 16 1661Β611666, 116 61 161 66111116161Β6-
661166616666166 161 1161611166 666 1116 61116111 11116. Um
dieses 16161161 6166666166,

11666 661666161661616161- C F A

1666. Ε6 661 16111611 11666

161 666616166 1111666 ΑΒ

[1161821666616166661116 G E v ⁸ H
16116616666661616161 an· Β
6161666166 ΒΟ 161 6161; 11682.
6661616166166 116 11161166 .
61666161616161, 66161· 61616166 1111111616 6661 Η61166616 GH 66- 1
66161. 116616166 bekannt, 1666 1611111661 von 16111616 16
A 6661166613666611161161161166 6116661, proportional 161
Zeit, 16111611116 Β 1111 1616116616 6616, 661 11116 6661-
161611161 1661 Κ11661 1666161666, 1666 6666111666166 161
Β6661166616666 616116161661666 1611166ς 161 Β6661166616666,

1666 1611111661 66611611611616, 16116161661666, 1666

 

