Unterredungen und 1611616116616 161616116116161 611. 97

ihrer werthe, und 116 Β611661111ς 166 1661116166 1166611161-

, einigung ist mir 161611161, 1666 161 11 11611 66111661] Grada
³ verwirrt 111. 1611616 11611 von 161116611616611116 666161

ςΙ6161111111661Β616611661, 1611611611 616 von einander ver-

661161616111, 16161 616 161161 61616 6116116611116116 661-
g 61111161 11611; 116116111111111 116 116611616611116 61161
= gleiohffirmigen 161166116161 111 61161 16661161116161 66111661-
1 161 Bewegung. Daher 11116 161, 116 Frage etwas grundlicher 11

161611611.

simpl. 161161611166661 1611616616 111 66 mehr, als 161
166111611361611 1611111616 1116166161 111, 116 6616166 zur

ἑ Bogrflndung 61166116111661, 61111161111166 1111616116161 111166

111116 616616111. 16161 will 16161161, 1666 661161161 16111-
6611616616116616161 6161611111661Β616611661, einer 1611-
66116161 11161161 1611166161,161 16161661116116 166661 161-
616161 1116116. Η611 86161611 wird 116616 Β6161161 16111
11111661.

Salv. 111616Β616116161111616161116, 111 16 161 langere
Zeit 1161 116661161 16616616611 1616, 11111161 161616161,11161
1611616161111661116161 111161. 111666 1111661111 366161161,
1666161 (16161 auf die 11616116161161161 1116361 16111661 61-

} 1161161116.

01111116 (16661111116161161 gleichfflrmige 6161· 11161 Bo-
66116111611661161611616 66161, 1111116661 61616 61166161 611
Μ6666 1661661661, 1661 walchem 6616111616(16661611116161161,
wie 116 161161 61666111611161161. Ι1Β611611 16616111666666
6111161611111618111161, 1111161 111116611161 6136161161
worden. ³⁶) 1116166116111 1161611 1116661 wir 111 116 (16-Ι
schwindigkeiten 611 6113611611 16161611116166111 616616116166
116666 16161, 1. 1. 6611661661116161116666116 6611. Zu 661-
61611 116611 161 16111161 116 Beschleunigung 161161161161
1111161 1111111116 661661, 11611 1161611 611161 11116 116 (16-
6611111161161161 11 61616161 116166 11661661. 11161616 (16661111-
1161161161Ι 611 einpfflndiger Β1616161 161 661116611611 16116 616
66116661 1116 von 161 11116 616 6116161, 6161161661161 116111
11111161 616161111161611 61161161, 16161 161 11666 1166111116
661166616161, 1161111666 16611111666 16111 1611 161116161161.
116 611116161616111661, 6116 11611616 zu 61611161, um 6161
1166161611111166 (16661111116161166 616611116161, 1666 611
1616111116 6161 161661161 1116111 1616161161 1611; 66 1666
11611 6116 16111116 61161 6111666161, 161· 111616 61161 116116-
161 6161 16116, 111 1666 61611611611166111616611113 161

061661111166611161. 21. 7

 

